class_num=45 feat_num=44753

Confusion matrix for the test data:
row is the truth, column is the system output

             JJS VBD WDT EX RBR DT PRP NNP WRB '' PRP$ RP # VBG PDT RBS VBP UH JJR VBZ NNPS TO RB -RRB- VBN WP$ -LRB- WP $ NN IN VB CD JJ `` LS POS CC : . FW MD SYM comma NNS
JJS 172 0 0 0 0 0 0 0 0 0 0 0 0 0 0 4 0 0 0 0 0 0 1 0 0 0 0 0 0 0 0 0 0 0 0 0 0 0 0 0 0 0 0 0 0
VBD 0 3754 0 0 0 4 0 47 2 0 1 0 0 28 0 0 2 0 0 0 3 1 9 0 75 0 0 0 0 13 7 29 9 29 0 0 0 1 0 0 0 1 0 2 4
WDT 0 0 492 0 0 18 0 0 0 0 0 0 0 0 0 0 0 0 0 0 0 0 0 0 0 0 0 0 0 0 76 0 0 0 0 0 0 0 0 0 0 0 0 0 0
EX 0 0 0 104 0 0 0 0 0 0 0 0 0 0 0 0 0 0 0 0 0 0 0 0 0 0 0 0 0 0 0 0 0 0 0 0 0 0 0 0 0 0 0 0 0
RBR 0 0 0 0 33 1 0 3 0 0 0 0 0 0 0 0 0 0 21 0 0 0 4 0 0 0 0 0 0 10 0 0 0 5 0 0 0 0 0 0 0 0 0 1 0
DT 0 0 19 0 0 10634 0 7 0 0 0 0 0 0 2 0 0 0 0 0 0 0 9 0 0 0 0 0 0 0 85 0 0 1 0 0 0 2 0 0 0 0 0 0 0
PRP 0 0 1 0 0 0 2368 32 0 1 13 0 0 0 0 0 0 0 0 0 1 0 2 0 0 0 0 0 0 25 0 0 14 4 0 0 0 0 0 0 0 0 0 0 7
NNP 1 47 1 0 0 21 3 10871 0 2 0 5 0 4 0 0 13 1 5 5 43 55 40 3 19 0 0 2 21 194 223 13 102 99 1 0 0 12 0 3 0 33 2 140 23
WRB 0 0 0 0 0 0 0 0 251 0 0 0 0 0 0 0 0 0 0 0 0 0 0 0 0 0 0 0 0 0 0 0 0 0 0 0 0 0 0 0 0 0 0 0 0
'' 0 0 0 0 0 0 0 0 0 942 0 0 0 0 0 0 0 0 0 0 0 0 0 0 0 0 0 0 0 0 0 0 0 0 0 0 0 0 0 0 0 0 0 0 0
PRP$ 0 0 0 0 0 0 0 0 0 0 1110 0 0 0 0 0 0 0 0 0 0 0 0 0 0 0 0 0 0 0 0 0 0 0 0 0 0 0 0 0 0 0 0 0 0
RP 0 0 0 0 0 0 0 0 0 0 1 223 0 0 0 0 0 0 0 0 0 0 24 0 0 0 0 0 0 1 79 0 0 0 0 0 0 0 0 0 0 0 0 0 0
# 0 0 0 0 0 0 0 0 0 0 0 0 29 0 0 0 0 0 0 0 0 0 0 0 0 0 0 0 0 0 0 0 0 0 0 0 0 0 0 0 0 0 0 0 0
VBG 0 0 0 0 0 2 0 17 1 0 0 0 0 1304 1 0 0 0 0 0 0 0 1 0 0 0 0 0 0 36 2 1 0 25 0 0 0 0 0 0 0 0 0 0 0
PDT 0 0 0 0 0 4 0 0 0 0 0 0 0 0 34 0 0 0 0 0 0 0 2 0 0 0 0 0 0 0 0 0 0 3 0 0 0 0 0 0 0 0 0 0 0
RBS 35 0 0 0 0 0 0 0 0 0 0 0 0 0 0 40 0 0 0 0 0 0 0 0 0 0 0 0 0 0 0 0 0 0 0 0 0 0 0 0 0 0 0 0 0
VBP 0 81 1 0 1 7 1 21 0 0 2 0 0 29 1 1 1342 0 1 0 2 0 9 0 7 0 0 0 0 78 5 169 2 32 0 0 0 2 0 2 0 2 0 0 6
UH 0 0 0 0 0 0 0 6 0 0 0 0 0 0 0 0 0 1 0 0 0 0 1 0 0 0 0 0 0 1 0 1 0 0 0 0 0 0 0 0 0 0 0 0 0
JJR 0 0 0 0 159 2 0 5 0 0 0 0 0 0 0 0 0 0 381 0 0 0 19 0 0 0 0 0 0 19 2 1 0 9 0 0 0 1 0 0 0 0 0 0 0
VBZ 0 92 1 0 1 3 1 34 0 1 0 3 0 28 2 0 30 0 2 2745 14 1 17 0 10 0 0 0 0 48 25 37 4 24 2 0 71 1 0 0 1 3 0 4 224
NNPS 0 1 0 0 0 0 0 154 1 0 0 0 0 3 0 0 0 0 0 1 185 0 1 0 0 0 0 0 0 7 1 1 0 5 0 0 0 1 0 0 0 0 0 0 11
TO 0 0 0 0 0 0 0 0 0 0 0 0 0 0 0 0 0 0 0 0 0 2942 0 0 0 0 0 0 0 0 0 0 0 0 0 0 0 0 0 0 0 0 0 0 0
RB 8 40 5 11 21 187 1 175 2 12 19 103 1 50 10 6 23 3 3 1 5 21 3813 8 16 0 0 0 7 294 629 107 63 339 15 0 0 15 0 187 0 11 0 26 17
-RRB- 0 0 0 0 0 0 0 0 0 0 0 0 0 0 0 0 0 0 0 0 0 0 0 164 0 0 0 0 0 0 0 0 0 0 0 0 0 0 0 0 0 0 0 0 0
VBN 4 436 0 0 0 21 1 49 1 1 2 1 0 52 0 0 13 0 2 1 1 2 3 0 2557 0 0 0 0 107 4 32 19 368 2 0 0 0 0 0 0 2 0 10 9
WP$ 0 0 0 0 0 0 0 0 0 0 0 0 0 0 0 0 0 0 0 0 0 0 0 0 0 15 0 0 0 0 0 0 0 0 0 0 0 0 0 0 0 0 0 0 0
-LRB- 0 0 0 0 0 0 0 0 0 0 0 0 0 0 0 0 0 0 0 0 0 0 0 0 0 0 180 0 0 0 0 0 0 0 0 0 0 0 0 0 0 0 0 0 0
WP 0 0 2 0 0 0 0 0 2 0 0 0 0 0 0 0 0 0 0 0 0 0 0 0 0 0 0 313 0 0 0 0 0 0 0 0 0 0 0 0 0 0 0 0 0
$ 0 0 0 0 0 0 0 0 0 0 0 0 0 0 0 0 0 0 0 0 0 0 0 0 0 0 0 0 1094 1 4 0 0 0 0 0 0 0 0 0 0 0 0 0 0
NN 24 73 0 3 12 69 4 763 1 2 8 0 0 305 2 0 39 1 20 3 13 7 96 3 84 0 1 4 1 16896 55 153 116 1169 2 0 6 26 0 11 3 7 1 12 66
IN 1 20 20 0 0 75 0 135 0 0 9 24 0 7 0 0 7 0 2 1 2 34 56 0 5 1 0 0 19 57 12368 11 24 43 7 0 0 7 0 1 1 2 1 51 12
VB 0 6 0 0 1 12 1 48 3 1 1 0 1 28 0 0 4 0 1 1 0 4 5 0 5 0 0 0 0 17 35 2855 1 7 0 0 0 0 0 1 0 0 0 2 5
CD 0 0 0 0 0 1 2 8 0 0 1 0 0 1 0 0 1 0 0 0 0 0 0 0 0 0 0 0 0 13 1 1 4754 0 0 1 0 0 0 0 0 0 0 0 1
JJ 4 2 0 0 0 6 0 269 0 0 1 3 0 55 7 0 3 0 4 0 3 0 23 0 18 0 0 0 0 106 27 32 10 5715 0 0 0 0 0 0 0 0 0 0 3
`` 0 0 0 0 0 0 0 0 0 0 0 0 0 0 0 0 0 0 0 0 0 0 0 0 0 0 0 0 0 0 0 0 0 0 982 0 0 0 0 0 0 0 0 0 0
LS 0 0 0 0 0 0 0 0 0 0 0 0 0 0 0 0 0 0 0 0 0 0 0 0 0 0 0 0 0 0 0 0 0 0 0 0 0 0 0 0 0 0 0 0 0
POS 0 0 0 0 0 1 3 9 0 4 0 0 0 0 0 0 0 0 0 7 0 0 3 0 1 0 0 0 0 13 0 3 0 4 0 0 1164 0 3 0 0 0 0 0 1
CC 0 0 0 0 0 13 0 0 0 0 0 0 0 0 5 0 0 0 0 0 0 0 4 0 0 0 0 0 0 0 7 0 0 0 0 0 0 3309 0 0 0 0 0 0 0
: 0 0 0 0 0 0 0 0 0 0 0 0 0 0 0 0 0 0 0 0 0 0 0 0 0 0 0 0 0 0 0 0 0 0 0 0 0 0 636 0 0 0 0 0 0
. 0 0 0 0 0 0 0 0 0 0 0 0 0 0 0 0 0 0 0 0 0 0 0 0 1 0 0 0 0 0 0 0 0 0 0 0 0 0 0 5247 0 0 0 0 0
FW 0 0 0 0 0 82 0 21 0 0 0 0 0 0 0 0 0 0 0 0 1 0 2 0 0 0 0 0 0 15 0 1 0 9 0 0 0 1 0 0 9 0 0 0 4
MD 0 0 0 0 0 0 0 0 0 0 0 0 0 0 0 0 0 0 0 0 0 0 0 0 0 0 0 0 0 2 0 0 0 0 0 0 0 0 0 0 0 1222 0 0 0
SYM 0 0 0 0 0 10 0 1 0 0 0 0 0 0 0 0 0 0 0 0 1 0 0 0 0 0 0 0 0 0 0 0 0 0 0 0 0 0 0 0 0 0 0 0 0
comma 0 0 0 0 0 0 0 0 0 0 0 0 0 0 0 0 0 0 0 0 0 0 0 0 0 0 0 0 0 0 0 0 0 0 0 0 0 0 0 0 0 0 0 6815 0
NNS 13 69 3 0 1 57 1 508 6 25 16 1 0 62 0 0 9 7 3 50 138 7 27 3 27 0 0 0 2 585 16 56 105 204 11 1 0 2 0 16 0 10 0 24 7650

 Test accuracy=0.89335

