class_num=45 feat_num=44753

Confusion matrix for the test data:
row is the truth, column is the system output

             EX WRB NNPS POS -RRB- PRP$ WDT VBP CD VB WP$ DT MD VBG # RBR NNP JJ JJR '' `` : -LRB- comma JJS TO IN PRP . RB UH SYM FW VBN RP $ WP CC NNS RBS LS VBZ NN PDT VBD
EX 72 0 0 0 0 0 0 0 0 0 0 0 0 0 0 0 0 0 0 0 0 0 0 0 0 0 0 0 0 6 0 0 0 0 0 0 0 0 0 0 0 0 0 0 0
WRB 0 219 0 0 0 0 0 0 0 0 0 0 0 0 0 0 2 0 0 0 0 0 0 0 0 0 0 0 0 0 0 0 0 0 0 0 1 0 0 0 0 0 0 0 0
NNPS 0 1 135 0 0 0 0 0 4 0 0 0 0 2 0 1 157 17 0 0 0 1 0 0 2 0 0 2 0 6 0 0 0 0 0 0 0 1 68 0 0 5 36 0 5
POS 0 0 0 1207 0 0 0 1 0 1 0 2 0 0 0 0 7 10 0 2 0 2 0 0 1 0 0 5 0 0 0 0 0 1 0 0 0 1 7 0 0 15 7 0 2
-RRB- 0 0 0 0 176 0 0 0 0 0 0 0 0 0 0 0 0 0 0 0 0 0 0 0 0 0 0 0 0 0 0 0 0 0 0 0 0 0 0 0 0 0 0 0 0
PRP$ 0 0 0 0 0 1103 0 0 0 0 0 6 0 0 0 0 0 0 0 0 0 0 0 0 0 0 0 1 0 0 0 0 0 0 0 0 0 0 0 0 0 0 0 0 0
WDT 1 1 1 0 0 0 426 0 0 1 0 24 0 1 0 0 0 0 0 0 0 0 0 0 1 0 68 2 0 0 0 0 0 0 0 0 3 0 5 0 0 0 0 0 0
VBP 0 0 3 0 0 1 1 1173 4 91 0 2 2 17 0 1 28 15 2 0 0 0 0 0 0 1 2 13 1 27 0 0 0 14 1 0 1 1 9 0 0 12 63 1 75
CD 0 0 1 0 0 0 0 0 4857 4 0 13 0 6 0 0 29 27 2 0 0 0 1 0 0 0 9 2 0 4 0 0 0 6 0 0 1 1 17 0 2 2 34 0 2
VB 0 4 0 0 0 1 0 86 10 3049 0 26 1 25 1 1 84 52 1 0 23 1 1 1 1 1 32 2 0 42 1 0 0 24 0 0 2 18 29 0 0 9 72 1 19
WP$ 0 0 0 0 0 0 0 0 0 0 16 0 0 0 0 0 0 0 0 0 0 0 0 0 0 0 0 0 0 0 0 0 0 0 0 0 0 0 0 0 0 0 0 0 0
DT 13 3 1 0 0 7 26 0 1 0 0 9873 0 1 0 0 136 12 0 0 4 0 1 0 1 1 100 27 0 19 0 0 0 0 0 0 4 6 12 0 0 0 20 17 0
MD 0 0 0 0 0 0 0 1 0 0 0 0 1270 0 0 0 0 1 0 0 0 0 0 0 0 0 0 0 0 0 0 0 0 0 0 0 0 0 1 0 0 0 4 0 0
VBG 0 0 2 0 0 1 1 8 13 12 0 50 0 1361 0 0 23 78 5 0 2 0 1 0 6 0 33 5 0 20 0 0 0 27 0 0 0 17 27 0 0 15 169 1 19
# 0 0 0 0 0 0 0 0 0 0 0 0 0 0 28 0 0 0 0 0 0 0 0 0 0 0 0 0 0 0 0 0 0 0 0 0 0 0 0 0 0 0 0 0 0
RBR 0 0 0 0 0 0 0 0 0 0 0 0 0 0 0 84 2 4 115 0 0 0 0 0 0 0 2 0 0 15 0 0 0 0 0 0 0 0 0 0 0 0 4 0 0
NNP 12 7 156 4 1 9 0 25 82 37 0 58 4 57 0 3 10387 350 9 0 76 0 5 0 6 5 96 81 7 94 0 0 3 42 3 0 3 33 250 1 0 39 533 2 88
JJ 0 2 9 0 1 7 0 20 56 47 0 161 1 119 1 3 440 5880 23 1 50 2 1 0 10 4 69 41 0 342 2 1 2 204 5 0 4 24 156 1 0 18 748 3 52
JJR 1 0 0 0 0 0 0 0 0 1 0 1 0 2 0 85 2 2 232 0 0 0 0 0 0 0 0 0 0 12 0 0 0 0 0 0 0 0 0 0 0 0 7 0 0
'' 0 0 0 0 0 0 0 0 0 0 0 0 0 0 0 0 0 0 0 983 0 1 0 0 0 0 0 0 0 0 0 0 0 0 0 0 0 0 0 0 0 0 0 0 0
`` 0 0 0 0 0 0 0 0 0 0 0 0 0 0 0 0 0 0 0 0 574 0 0 0 0 0 0 0 0 0 0 0 0 0 0 0 0 0 0 0 0 0 0 0 0
: 0 0 0 0 0 0 0 0 0 0 0 0 0 0 0 0 0 0 0 0 0 621 0 0 0 0 0 0 0 0 0 0 0 0 0 0 0 0 0 0 0 0 0 0 0
-LRB- 0 0 0 0 0 0 0 0 0 0 0 0 0 0 0 0 0 0 0 0 0 0 157 0 0 0 0 0 0 0 0 0 0 0 0 0 0 0 0 0 0 0 0 0 0
comma 0 0 0 0 0 0 0 0 0 0 0 0 0 0 0 0 0 0 0 0 0 0 0 7084 0 0 0 0 0 0 0 0 0 0 0 0 0 0 0 0 0 0 0 0 0
JJS 0 0 0 0 0 0 0 1 0 0 0 0 0 1 0 0 0 4 0 0 0 0 0 0 179 0 0 0 0 1 0 0 0 0 0 0 0 0 0 22 0 0 2 0 0
TO 0 0 0 0 0 0 0 0 0 0 0 0 0 0 0 0 0 0 0 0 0 0 0 0 0 3057 0 0 0 0 0 0 0 0 0 0 0 0 0 0 0 0 0 0 0
IN 0 1 1 0 0 4 90 13 9 8 0 234 0 16 0 0 336 69 1 0 18 1 4 0 2 0 12435 20 0 211 0 1 1 6 100 0 1 26 17 0 0 8 31 3 13
PRP 0 0 0 0 0 12 0 0 1 0 0 4 0 0 0 0 104 3 0 0 0 0 0 0 0 0 0 1938 0 1 0 0 0 0 0 0 0 0 33 0 0 0 24 0 0
. 0 0 0 0 0 0 0 0 0 0 0 0 0 0 0 0 0 0 0 0 0 0 0 0 0 0 0 0 5460 0 0 0 0 0 0 0 0 0 0 0 0 0 0 0 0
RB 14 14 5 0 0 18 0 15 24 23 0 297 2 25 0 39 233 215 16 1 95 1 2 0 5 4 423 126 0 2966 3 1 0 31 70 0 3 81 60 0 0 9 98 8 27
UH 0 0 0 0 0 0 0 0 0 1 0 0 0 0 0 0 12 2 0 0 0 0 0 0 0 0 0 0 0 8 0 0 0 0 0 0 0 0 2 0 0 0 3 0 0
SYM 0 0 0 0 0 0 0 0 0 0 0 0 0 0 0 0 0 0 0 0 0 0 0 0 0 0 0 0 0 0 0 1 0 0 0 0 0 0 0 0 0 0 0 0 0
FW 0 0 0 0 0 0 0 0 0 0 0 0 0 0 0 0 5 2 0 0 0 0 0 0 0 0 0 0 0 0 0 0 1 0 0 0 0 0 1 0 0 0 3 0 0
VBN 0 0 0 0 0 0 0 11 10 24 0 21 2 38 0 2 30 207 5 0 1 0 0 0 1 0 23 3 0 36 0 0 0 2062 1 0 1 16 36 0 0 7 54 1 261
RP 0 0 0 0 1 1 0 0 0 1 0 0 0 1 0 0 1 2 0 0 0 0 0 0 0 0 82 0 0 62 0 0 0 0 181 0 0 0 3 0 0 0 4 2 3
$ 0 0 0 0 0 0 0 0 0 0 0 0 0 0 0 0 0 0 0 0 0 0 0 0 0 0 0 0 0 0 0 0 0 0 0 1143 0 0 0 0 0 0 0 0 0
WP 0 0 0 0 0 0 0 0 0 0 0 0 0 0 0 0 0 0 0 0 0 0 0 0 0 0 0 0 0 0 0 0 0 0 0 0 286 0 0 0 0 0 0 0 0
CC 2 2 1 0 0 0 0 0 0 1 0 16 0 0 0 0 2 0 0 1 5 0 0 0 0 0 18 0 0 10 0 0 0 0 0 0 0 3054 1 0 0 0 0 2 0
NNS 1 6 52 0 2 9 0 14 44 23 0 253 2 33 0 5 322 144 6 0 78 0 5 0 7 0 71 61 0 90 7 0 1 46 0 0 6 41 6664 0 0 122 252 0 41
RBS 0 0 0 0 0 0 0 0 0 0 0 0 0 0 0 0 0 0 0 0 0 0 0 0 20 0 0 0 0 0 0 0 0 0 0 0 0 0 0 24 0 0 0 0 0
LS 0 0 0 0 0 0 0 0 0 0 0 0 0 0 0 0 2 0 0 0 0 0 0 0 0 0 0 0 0 1 0 0 0 0 0 0 0 1 0 0 0 0 1 0 0
VBZ 0 1 10 29 0 0 0 13 2 17 0 3 1 17 0 0 22 18 2 0 0 0 0 0 3 0 14 10 0 11 0 0 0 5 1 0 0 5 128 0 0 2470 25 0 55
NN 2 6 29 0 0 10 1 47 93 118 0 179 3 200 1 5 753 915 25 3 95 9 2 1 17 1 114 34 0 125 0 0 5 94 1 1 1 34 476 2 0 31 16262 2 73
PDT 0 0 0 0 0 0 0 0 0 1 0 3 0 0 0 0 2 2 0 0 0 0 0 0 0 0 20 0 0 2 0 0 0 0 0 0 0 6 0 0 0 0 0 21 0
VBD 0 3 6 1 0 1 0 58 13 43 0 4 5 34 0 0 62 63 1 0 1 0 1 1 0 0 40 13 0 60 0 0 1 263 0 0 2 14 41 1 0 53 82 0 3886

 Test accuracy=0.85800

